0  0  0  0  0  0  0  0  0  0  0  0  0  0  0  0  0  0  0  0  0  0  0  0  0  0  0  0  
0  0  0  0  0  0  0  0  0  0  0  0  0  0  0  0  0  0  0  0  0  0  0  0  0  0  0  0  
0  0  0  0  0  0  0  0  0  0  0  0  0  0  0  0  0  0  0  0  0  0  0  0  0  0  0  0  
0  0  0  0  0  0  0  0  0  0  0  0  0  0  0  0  0  0  0  0  0  0  0  0  0  0  0  0  
0  0  0  0  0  0  0  0  41 2392532532531740  0  0  0  0  0  0  0  0  0  0  0  0  0  
0  0  0  0  0  0  0  0  1752512512512511730  0  0  0  0  0  0  0  0  0  0  0  0  0  
0  0  0  0  0  0  0  82 2282512512512511730  0  0  0  0  0  0  0  0  0  0  0  0  0  
0  0  0  0  0  0  10 13725125123692 18 13 0  0  0  0  0  0  0  0  0  0  0  0  0  0  
0  0  0  0  0  0  59 2512512511530  0  0  0  0  0  0  0  0  0  0  0  0  0  0  0  0  
0  0  0  0  0  0  59 25125122659 0  0  0  0  0  0  0  10915596 0  0  0  0  0  0  0  
0  0  0  0  0  0  59 2512512120  0  0  0  0  16 21521423925123621447 0  0  0  0  0  
0  0  0  0  0  0  1192512512120  0  0  25 78 21225325125125125125123754 0  0  0  0  
0  0  0  0  0  0  2532512512120  0  0  78 25125125325125125125125125121563 0  0  0  
0  0  0  0  0  0  2532512512120  0  16 21225125125325125122013125125125122044 0  0  
0  0  0  0  0  0  2552532532130  37 2242532532531500  0  0  0  0  21525325357 0  0  
0  0  0  0  0  0  2532512512120  1552512512511600  0  0  0  0  0  21425125157 0  0  
0  0  0  0  0  0  25325125123917522225125125157 0  0  0  0  0  10923925115618 0  0  
0  0  0  0  0  0  2222512512512512512512391074  0  0  0  37 11524425123998 0  0  0  
0  0  0  0  0  0  59 2512512512512512511730  0  23 98 98 2402512512431070  0  0  0  
0  0  0  0  0  0  59 2512512512512512512211551551792512512512512512310  0  0  0  0  
0  0  0  0  0  0  9  37 17224925125125125125125125325123723115637 35 0  0  0  0  0  
0  0  0  0  0  0  0  0  0  16120325125125125125117417353 0  0  0  0  0  0  0  0  0  
0  0  0  0  0  0  0  0  0  0  45 1992512512511450  0  0  0  0  0  0  0  0  0  0  0  
0  0  0  0  0  0  0  0  0  0  0  36 72 19057 13 0  0  0  0  0  0  0  0  0  0  0  0  
0  0  0  0  0  0  0  0  0  0  0  0  0  0  0  0  0  0  0  0  0  0  0  0  0  0  0  0  
0  0  0  0  0  0  0  0  0  0  0  0  0  0  0  0  0  0  0  0  0  0  0  0  0  0  0  0  
0  0  0  0  0  0  0  0  0  0  0  0  0  0  0  0  0  0  0  0  0  0  0  0  0  0  0  0  
0  0  0  0  0  0  0  0  0  0  0  0  0  0  0  0  0  0  0  0  0  0  0  0  0  0  0  0  
9 nearest neighbours
(6, 6, 6, 6, 6, 6, 6, 6, 6)
Exact result: 6

0  0  0  0  0  0  0  0  0  0  0  0  0  0  0  0  0  0  0  0  0  0  0  0  0  0  0  0  
0  0  0  0  0  0  0  0  0  0  0  0  0  0  0  0  0  0  0  0  0  0  0  0  0  0  0  0  
0  0  0  0  0  0  0  0  0  0  0  0  0  0  0  0  0  0  0  0  0  0  0  0  0  0  0  0  
0  0  0  0  0  0  0  0  0  0  0  0  0  0  0  0  0  0  0  0  0  0  0  0  0  0  0  0  
0  0  0  0  0  0  0  0  0  0  0  0  0  0  0  0  0  0  0  0  0  0  0  0  0  0  0  0  
0  0  0  0  0  0  0  0  0  0  0  0  0  0  0  0  0  0  0  0  0  0  0  0  0  0  0  0  
0  0  0  0  0  0  0  0  0  0  0  0  0  0  0  0  0  0  0  0  0  0  0  0  0  0  0  0  
0  0  0  0  0  1202542541811672271671671952542542552542541980  0  0  0  0  0  0  0  
0  0  0  0  0  57 2132542542542542542542542542542542542542531140  0  0  0  0  0  0  
0  0  0  0  0  0  10 63 14719216216216213510553 17 1192542541280  0  0  0  0  0  0  
0  0  0  0  0  0  0  0  0  0  0  0  0  0  0  0  0  93 25424849 0  0  0  0  0  0  0  
0  0  0  0  0  0  0  0  0  0  0  0  0  0  0  0  10 2132542270  0  0  0  0  0  0  0  
0  0  0  0  0  0  0  0  0  0  0  0  0  0  0  0  65 2542541420  0  0  0  0  0  0  0  
0  0  0  0  0  0  0  0  0  0  0  0  0  0  0  7  18225422611 0  0  0  0  0  0  0  0  
0  0  0  0  0  0  0  0  0  0  0  0  0  0  0  62 2542541820  0  0  0  0  0  0  0  0  
0  0  0  0  0  0  0  0  0  0  0  0  0  0  0  12625423751 0  0  0  0  0  0  0  0  0  
0  0  0  0  0  0  0  0  0  0  0  0  0  0  25 2162541790  0  0  0  0  0  0  0  0  0  
0  0  0  0  0  0  0  0  0  0  0  0  0  0  12825423855 0  0  0  0  0  0  0  0  0  0  
0  0  0  0  0  0  0  0  0  0  0  0  0  1022512541770  0  0  0  0  0  0  0  0  0  0  
0  0  0  0  0  0  0  0  0  0  0  0  22 24925421717 0  0  0  0  0  0  0  0  0  0  0  
0  0  0  0  0  0  0  0  0  0  0  2  1522552541260  0  0  0  0  0  0  0  0  0  0  0  
0  0  0  0  0  0  0  0  0  0  0  85 2542541783  0  0  0  0  0  0  0  0  0  0  0  0  
0  0  0  0  0  0  0  0  0  0  3  17925421619 0  0  0  0  0  0  0  0  0  0  0  0  0  
0  0  0  0  0  0  0  0  0  0  97 2542541280  0  0  0  0  0  0  0  0  0  0  0  0  0  
0  0  0  0  0  0  0  0  0  18 2182541810  0  0  0  0  0  0  0  0  0  0  0  0  0  0  
0  0  0  0  0  0  0  0  2  14925424749 0  0  0  0  0  0  0  0  0  0  0  0  0  0  0  
0  0  0  0  0  0  0  0  66 2542541270  0  0  0  0  0  0  0  0  0  0  0  0  0  0  0  
0  0  0  0  0  0  0  0  0  0  0  0  0  0  0  0  0  0  0  0  0  0  0  0  0  0  0  0  
9 nearest neighbours
(7, 7, 7, 7, 7, 7, 7, 7, 7)
Exact result: 7

0  0  0  0  0  0  0  0  0  0  0  0  0  0  0  0  0  0  0  0  0  0  0  0  0  0  0  0  
0  0  0  0  0  0  0  0  0  0  0  0  0  0  0  0  0  0  0  0  0  0  0  0  0  0  0  0  
0  0  0  0  0  0  0  0  0  0  0  0  0  0  0  0  0  0  0  0  0  0  0  0  0  0  0  0  
0  0  0  0  0  0  0  0  0  0  0  0  0  0  0  0  0  0  0  0  0  0  0  0  0  0  0  0  
0  0  0  0  0  0  0  0  0  0  0  0  0  0  0  0  0  0  0  0  0  0  0  0  0  0  0  0  
0  0  0  0  0  0  0  0  0  0  0  0  0  0  0  0  0  0  0  0  0  0  0  0  0  0  0  0  
0  0  0  0  0  0  0  0  0  0  0  0  0  0  13 1332092311053  0  0  0  0  0  0  0  0  
0  0  0  0  0  0  0  0  0  0  0  0  0  24 2032532532532531290  0  0  0  0  0  0  0  
0  0  0  0  0  0  0  0  0  0  0  0  68 2492542321411842531800  0  0  0  0  0  0  0  
0  0  0  0  0  0  0  0  0  0  0  0  13225325288 0  49 2531800  0  0  0  0  0  0  0  
0  0  0  0  0  0  0  0  0  0  0  0  2302531270  0  49 2531800  0  0  0  0  0  0  0  
0  0  0  0  0  0  0  0  0  0  0  0  2302530  0  11 1652531800  0  0  0  0  0  0  0  
0  0  0  0  0  0  0  0  0  0  0  0  2302530  0  37 25325383 0  0  0  0  0  0  0  0  
0  0  0  0  0  0  0  0  0  0  0  0  12725315542 83 25323037 0  0  0  0  0  0  0  0  
0  0  0  0  0  0  0  0  0  0  0  0  63 1962542402452531930  0  0  0  0  0  0  0  0  
0  0  0  0  0  0  0  0  0  0  0  0  0  6  13825325325377 0  0  0  0  0  0  0  0  0  
0  0  0  0  0  0  0  0  0  0  0  0  0  0  19 2542531380  0  0  0  0  0  0  0  0  0  
0  0  0  0  0  0  0  0  0  0  0  0  0  0  1452532050  0  0  0  0  0  0  0  0  0  0  
0  0  0  0  0  0  0  0  0  0  0  0  0  18 25422137 0  0  0  0  0  0  0  0  0  0  0  
0  0  0  0  0  0  0  0  0  0  0  0  21 2042541090  0  0  0  0  0  0  0  0  0  0  0  
0  0  0  0  0  0  0  0  0  0  0  24 20125321731 0  0  0  0  0  0  0  0  0  0  0  0  
0  0  0  0  0  0  0  0  0  0  0  19025325329 0  0  0  0  0  0  0  0  0  0  0  0  0  
0  0  0  0  0  0  0  0  0  0  1102472532130  0  0  0  0  0  0  0  0  0  0  0  0  0  
0  0  0  0  0  0  0  0  24 13224725315919 0  0  0  0  0  0  0  0  0  0  0  0  0  0  
0  0  0  0  0  0  0  0  17125325315925 0  0  0  0  0  0  0  0  0  0  0  0  0  0  0  
0  0  0  0  0  0  0  0  37 2251152  0  0  0  0  0  0  0  0  0  0  0  0  0  0  0  0  
0  0  0  0  0  0  0  0  0  0  0  0  0  0  0  0  0  0  0  0  0  0  0  0  0  0  0  0  
0  0  0  0  0  0  0  0  0  0  0  0  0  0  0  0  0  0  0  0  0  0  0  0  0  0  0  0  
9 nearest neighbours
(7, 9, 9, 9, 7, 7, 9, 9, 9)
Exact result: 9

0  0  0  0  0  0  0  0  0  0  0  0  0  0  0  0  0  0  0  0  0  0  0  0  0  0  0  0  
0  0  0  0  0  0  0  0  0  0  0  0  0  0  0  0  0  0  0  0  0  0  0  0  0  0  0  0  
0  0  0  0  0  0  0  0  0  0  0  0  0  0  0  0  0  0  0  0  0  0  0  0  0  0  0  0  
0  0  0  0  0  0  0  0  0  0  0  0  0  0  0  0  0  0  0  0  0  0  0  0  0  0  0  0  
0  0  0  0  0  0  0  0  0  0  0  0  0  0  0  0  0  0  0  0  0  0  0  0  0  0  0  0  
0  0  0  0  0  0  0  0  0  0  0  0  0  0  0  55 33 0  0  0  0  0  0  0  0  0  0  0  
0  0  0  0  0  0  0  0  0  0  0  2  11 10518625323518665 11 11 50 11 3  0  0  0  0  
0  0  0  0  0  0  0  0  0  0  20 1272532532532532532532532532532532531513  0  0  0  
0  0  0  0  0  0  0  0  0  57 1982532532501642522532532532532532532542531420  0  0  
0  0  0  0  0  0  0  0  20 1982532532281292042532532532532532171091422532080  0  0  
0  0  0  0  0  0  0  0  15525325322699 23725325323910124 24 13 0  22 22823240 0  0  
0  0  0  0  0  0  0  8  22925325317923525325323760 0  0  0  0  0  24 2322531870  0  
0  0  0  0  0  0  0  15925325325325325324713713 0  0  0  0  0  0  0  1892532530  0  
0  0  0  0  0  0  43 2432532532532532531000  0  0  0  0  0  0  0  0  1892532530  0  
0  0  0  0  0  0  1532532532532532481706  0  0  0  0  0  0  0  0  7  2022531940  0  
0  0  0  0  0  0  2352532532532532230  0  0  0  0  0  0  0  0  0  37 2532531520  0  
0  0  0  0  0  0  2542532532532361310  0  0  0  0  0  0  0  0  0  15825324342 0  0  
0  0  0  0  0  0  2542532532531780  0  0  0  0  0  0  0  0  0  1522512531630  0  0  
0  0  0  0  0  0  2542532532531997  0  0  0  0  0  0  0  0  11222925322940 0  0  0  
0  0  0  0  0  0  2052532532542531267  0  0  0  0  0  18 15225025322644 0  0  0  0  
0  0  0  0  0  0  67 24025325325325320010 0  0  65 14221325325322882 0  0  0  0  0  
0  0  0  0  0  0  0  14124125425325325323623423425025425325317343 0  0  0  0  0  0  
0  0  0  0  0  0  0  0  12925325325325325325325325325320764 8  0  0  0  0  0  0  0  
0  0  0  0  0  0  0  0  3  57 17720824124620820812886 5  0  0  0  0  0  0  0  0  0  
0  0  0  0  0  0  0  0  0  0  0  0  40 46 0  0  0  0  0  0  0  0  0  0  0  0  0  0  
0  0  0  0  0  0  0  0  0  0  0  0  0  0  0  0  0  0  0  0  0  0  0  0  0  0  0  0  
0  0  0  0  0  0  0  0  0  0  0  0  0  0  0  0  0  0  0  0  0  0  0  0  0  0  0  0  
0  0  0  0  0  0  0  0  0  0  0  0  0  0  0  0  0  0  0  0  0  0  0  0  0  0  0  0  
9 nearest neighbours
(0, 0, 0, 0, 0, 0, 0, 0, 0)
Exact result: 0

0  0  0  0  0  0  0  0  0  0  0  0  0  0  0  0  0  0  0  0  0  0  0  0  0  0  0  0  
0  0  0  0  0  0  0  0  0  0  0  0  0  0  0  0  0  0  0  0  0  0  0  0  0  0  0  0  
0  0  0  0  0  0  0  0  0  0  0  0  0  0  0  0  0  0  0  0  0  0  0  0  0  0  0  0  
0  0  0  0  0  0  0  0  0  7  15425325525321641 0  0  0  0  0  0  0  0  0  0  0  0  
0  0  0  0  0  0  0  0  0  57 2522522282522522521010  0  0  0  0  0  0  0  0  0  0  
0  0  0  0  0  0  0  0  0  57 25212731 56 14324323528 0  0  0  0  0  0  0  0  0  0  
0  0  0  0  0  0  0  0  0  7  28 3  0  0  0  22525384 0  0  0  0  0  0  0  0  0  0  
0  0  0  0  0  0  0  0  0  0  0  0  0  7  11724122638 0  0  0  0  0  0  0  0  0  0  
0  0  0  0  0  0  0  0  0  0  0  0  0  82 25225288 0  0  0  0  0  0  0  0  0  0  0  
0  0  0  0  0  0  0  0  0  0  0  38 1472342521270  0  0  0  0  0  0  0  0  0  0  0  
0  0  0  0  0  0  0  0  63 1881752372531271033  0  0  0  0  0  0  0  0  0  0  0  0  
0  0  0  0  0  0  0  0  12925325325325422844 0  0  0  0  0  0  0  0  0  0  0  0  0  
0  0  0  0  0  0  0  0  10 15919614520325222416915744 0  0  0  0  0  0  0  0  0  0  
0  0  0  0  0  0  0  0  0  0  0  0  7  81 19625225324015910 0  0  0  0  0  0  0  0  
0  0  0  0  0  0  0  0  0  0  0  0  0  0  10 78 2032522521780  0  0  0  0  0  0  0  
0  0  0  0  0  0  0  0  0  0  0  0  0  0  0  0  13 19425325363 0  0  0  0  0  0  0  
0  0  0  0  0  0  0  0  0  0  0  0  0  0  0  0  0  57 2522521130  0  0  0  0  0  0  
0  0  0  0  0  0  0  0  0  0  0  0  0  0  0  0  0  57 2522521130  0  0  0  0  0  0  
0  0  0  0  0  0  0  0  0  0  0  0  0  0  0  0  0  57 2522521130  0  0  0  0  0  0  
0  0  0  0  0  0  0  76 79 22 0  0  0  0  0  0  92 21625324151 0  0  0  0  0  0  0  
0  0  0  0  0  0  0  22525323416916916916916916925325225265 0  0  0  0  0  0  0  0  
0  0  0  0  0  0  0  1872532522522522532522522522532331306  0  0  0  0  0  0  0  0  
0  0  0  0  0  0  0  13 91 19022825225322717715114059 0  0  0  0  0  0  0  0  0  0  
0  0  0  0  0  0  0  0  0  0  0  0  0  0  0  0  0  0  0  0  0  0  0  0  0  0  0  0  
0  0  0  0  0  0  0  0  0  0  0  0  0  0  0  0  0  0  0  0  0  0  0  0  0  0  0  0  
0  0  0  0  0  0  0  0  0  0  0  0  0  0  0  0  0  0  0  0  0  0  0  0  0  0  0  0  
0  0  0  0  0  0  0  0  0  0  0  0  0  0  0  0  0  0  0  0  0  0  0  0  0  0  0  0  
0  0  0  0  0  0  0  0  0  0  0  0  0  0  0  0  0  0  0  0  0  0  0  0  0  0  0  0  
9 nearest neighbours
(3, 3, 3, 3, 3, 3, 3, 3, 3)
Exact result: 3

0  0  0  0  0  0  0  0  0  0  0  0  0  0  0  0  0  0  0  0  0  0  0  0  0  0  0  0  
0  0  0  0  0  0  0  0  0  0  0  0  0  0  0  0  0  0  0  0  0  0  0  0  0  0  0  0  
0  0  0  0  0  0  0  0  0  0  0  0  0  0  0  0  0  0  0  0  0  0  0  0  0  0  0  0  
0  0  0  0  0  0  0  0  0  0  0  0  0  0  0  0  0  0  0  0  0  0  0  0  0  0  0  0  
0  0  0  0  0  0  0  0  0  0  0  0  0  0  0  0  0  26 80 14614614635 0  0  0  0  0  
0  0  0  0  0  0  0  0  0  0  0  0  26 83 18499 17723025325325325324555 0  0  0  0  
0  0  0  0  0  0  0  0  0  0  1  94 23325325325325325325325320225025320117 0  0  0  
0  0  0  0  0  0  0  0  0  0  95 2532532532532532532432101410  10425318837 0  0  0  
0  0  0  0  0  0  0  0  14 11724725325324817217271 49 0  0  0  71 25217356 0  0  0  
0  0  0  0  0  0  0  1  99 25325325320880 0  0  0  0  0  0  0  0  15221618 0  0  0  
0  0  0  0  0  0  0  73 25325325322323 0  0  0  0  0  0  0  0  0  1412531050  0  0  
0  0  0  0  0  0  26 20825325321389 0  0  0  0  0  0  0  0  0  0  1412532280  0  0  
0  0  0  0  0  19 20925325324834 0  0  0  0  0  0  0  0  0  0  0  1482532530  0  0  
0  0  0  0  0  1302532532531030  0  0  0  0  0  0  0  0  0  0  0  2492531840  0  0  
0  0  0  0  0  25425325321914 0  0  0  0  0  0  0  0  0  0  0  82 25325360 0  0  0  
0  0  0  0  0  2542532531540  0  0  0  0  0  0  0  0  0  0  0  10425325337 0  0  0  
0  0  0  0  0  2542532531020  0  0  0  0  0  0  0  0  0  0  41 18425325337 0  0  0  
0  0  0  0  0  25425325320625 0  0  0  0  0  0  0  0  0  11 2042532531547  0  0  0  
0  0  0  0  0  19725325325324684 0  0  0  0  0  0  7  69 1942532532223  0  0  0  0  
0  0  0  0  0  73 25325325325361 0  0  0  0  0  43 1922532532532271190  0  0  0  0  
0  0  0  0  0  7  19625325325321519010410410418823325325325318344 0  0  0  0  0  0  
0  0  0  0  0  0  36 1622532532532532532532532532532061139  2  0  0  0  0  0  0  0  
0  0  0  0  0  0  0  2  13920525325325325325319812826 0  0  0  0  0  0  0  0  0  0  
0  0  0  0  0  0  0  0  0  12 42 14510937 37 8  0  0  0  0  0  0  0  0  0  0  0  0  
0  0  0  0  0  0  0  0  0  0  0  0  0  0  0  0  0  0  0  0  0  0  0  0  0  0  0  0  
0  0  0  0  0  0  0  0  0  0  0  0  0  0  0  0  0  0  0  0  0  0  0  0  0  0  0  0  
0  0  0  0  0  0  0  0  0  0  0  0  0  0  0  0  0  0  0  0  0  0  0  0  0  0  0  0  
0  0  0  0  0  0  0  0  0  0  0  0  0  0  0  0  0  0  0  0  0  0  0  0  0  0  0  0  
9 nearest neighbours
(0, 0, 0, 0, 0, 0, 0, 0, 0)
Exact result: 0

0  0  0  0  0  0  0  0  0  0  0  0  0  0  0  0  0  0  0  0  0  0  0  0  0  0  0  0  
0  0  0  0  0  0  0  0  0  0  0  0  0  0  0  0  0  0  0  0  0  0  0  0  0  0  0  0  
0  0  0  0  0  0  0  0  0  0  0  0  0  0  0  0  0  0  0  0  0  0  0  0  0  0  0  0  
0  0  0  0  0  0  0  0  0  0  0  0  0  0  0  0  0  0  0  0  0  0  0  0  0  0  0  0  
0  0  0  0  0  0  0  0  0  0  0  0  0  0  0  0  0  0  0  0  0  0  0  0  0  0  0  0  
0  0  0  0  0  0  1  22 13013021525425425421813027 1  0  0  0  0  0  0  0  0  0  0  
0  0  0  0  0  0  92 2532532532532532532532532532531040  0  0  0  0  0  0  0  0  0  
0  0  0  0  0  0  14025325123523517423520114724125321326 0  0  0  0  0  0  0  0  0  
0  0  0  0  0  0  11 10590 0  0  0  0  0  0  34 2282531540  0  0  0  0  0  0  0  0  
0  0  0  0  0  0  0  0  0  0  0  0  0  0  0  0  21125320312 0  0  0  0  0  0  0  0  
0  0  0  0  0  0  0  0  0  0  0  0  0  0  0  0  2112531540  0  0  0  0  0  0  0  0  
0  0  0  0  0  0  0  0  0  0  0  0  0  0  0  0  2112531320  0  0  0  0  0  0  0  0  
0  0  0  0  0  0  0  0  0  0  12017483 50 50 90 24023524 0  0  0  0  0  0  0  0  0  
0  0  0  0  0  0  0  0  0  0  1742532532532532532531600  0  0  0  0  0  0  0  0  0  
0  0  0  0  0  0  0  0  0  0  47 16925325325325325318338 0  0  0  0  0  0  0  0  0  
0  0  0  0  0  0  0  0  0  0  0  14 92 18518518518524422952 0  0  0  0  0  0  0  0  
0  0  0  0  0  0  0  0  0  0  0  0  0  0  0  0  0  12125323014 0  0  0  0  0  0  0  
0  0  0  0  0  0  0  0  0  0  0  0  0  0  0  0  0  94 25325318 0  0  0  0  0  0  0  
0  0  0  0  0  0  0  0  0  0  0  0  0  0  0  0  0  94 2531653  0  0  0  0  0  0  0  
0  0  0  0  0  0  0  0  0  0  0  0  0  0  0  0  78 2132531030  0  0  0  0  0  0  0  
0  0  0  0  0  0  0  0  0  0  0  0  0  0  0  81 22825321415 0  0  0  0  0  0  0  0  
0  0  0  0  0  8  96 0  0  0  0  0  0  29 14224925321430 0  0  0  0  0  0  0  0  0  
0  0  0  0  0  11 15116041 0  0  80 14224125325321529 0  0  0  0  0  0  0  0  0  0  
0  0  0  0  0  0  14 2072462422422502532532531198  0  0  0  0  0  0  0  0  0  0  0  
0  0  0  0  0  0  0  19 12921125325316212932 1  0  0  0  0  0  0  0  0  0  0  0  0  
0  0  0  0  0  0  0  0  0  0  0  0  0  0  0  0  0  0  0  0  0  0  0  0  0  0  0  0  
0  0  0  0  0  0  0  0  0  0  0  0  0  0  0  0  0  0  0  0  0  0  0  0  0  0  0  0  
0  0  0  0  0  0  0  0  0  0  0  0  0  0  0  0  0  0  0  0  0  0  0  0  0  0  0  0  
9 nearest neighbours
(3, 3, 3, 3, 3, 3, 3, 3, 3)
Exact result: 3

0  0  0  0  0  0  0  0  0  0  0  0  0  0  0  0  0  0  0  0  0  0  0  0  0  0  0  0  
0  0  0  0  0  0  0  0  0  0  0  0  0  0  0  0  0  0  0  0  0  0  0  0  0  0  0  0  
0  0  0  0  0  0  0  0  0  0  0  0  0  0  0  0  0  0  0  0  0  0  0  0  0  0  0  0  
0  0  0  0  0  0  0  0  0  0  0  0  0  0  0  0  0  0  0  0  0  0  0  0  0  0  0  0  
0  0  0  0  0  0  0  0  0  0  0  0  0  0  0  0  0  0  0  0  0  0  0  0  0  0  0  0  
0  0  0  0  0  0  0  0  0  0  0  0  0  0  0  0  0  0  0  0  0  0  0  0  0  0  0  0  
0  0  0  0  0  0  0  0  0  0  0  0  0  0  0  0  0  0  0  0  0  0  0  0  0  0  0  0  
0  0  0  0  0  0  2  32 5  70 89 89 75 75 89 1331711711712501784  0  0  0  0  0  0  
0  0  0  0  1  12820725425425425425425425425425425425425425425434 0  0  0  0  0  0  
0  0  0  0  36 2542542542532422421741041041581581581582472551423  0  0  0  0  0  0  
0  0  0  0  3  10315412064 0  0  0  0  0  0  0  0  57 24925090 0  0  0  0  0  0  0  
0  0  0  0  0  0  0  0  0  0  0  0  0  0  0  0  0  1752542369  0  0  0  0  0  0  0  
0  0  0  0  0  0  0  0  0  0  0  0  0  0  0  0  61 2412541373  0  0  0  0  0  0  0  
0  0  0  0  0  0  0  0  0  0  0  0  0  0  0  18 18925423258 0  0  0  0  0  0  0  0  
0  0  0  0  0  0  0  0  0  0  0  0  0  0  0  44 2482541354  0  0  0  0  0  0  0  0  
0  0  0  0  0  0  0  0  0  0  0  0  0  0  0  17725420421 0  0  0  0  0  0  0  0  0  
0  0  0  0  0  0  0  0  0  0  0  0  0  0  69 23425482 0  0  0  0  0  0  0  0  0  0  
0  0  0  0  0  0  0  0  0  0  0  0  0  24 2242541904  0  0  0  0  0  0  0  0  0  0  
0  0  0  0  0  0  0  0  0  0  0  0  9  18225424463 0  0  0  0  0  0  0  0  0  0  0  
0  0  0  0  0  0  0  0  0  0  0  0  1062542541370  0  0  0  0  0  0  0  0  0  0  0  
0  0  0  0  0  0  0  0  0  0  0  9  19225424326 0  0  0  0  0  0  0  0  0  0  0  0  
0  0  0  0  0  0  0  0  0  0  0  1612542541020  0  0  0  0  0  0  0  0  0  0  0  0  
0  0  0  0  0  0  0  0  0  0  9  21825422722 0  0  0  0  0  0  0  0  0  0  0  0  0  
0  0  0  0  0  0  0  0  0  0  1392542541030  0  0  0  0  0  0  0  0  0  0  0  0  0  
0  0  0  0  0  0  0  0  0  9  21325424261 0  0  0  0  0  0  0  0  0  0  0  0  0  0  
0  0  0  0  0  0  0  0  0  1102542541600  0  0  0  0  0  0  0  0  0  0  0  0  0  0  
0  0  0  0  0  0  0  0  9  21625421431 0  0  0  0  0  0  0  0  0  0  0  0  0  0  0  
0  0  0  0  0  0  0  0  0  0  0  0  0  0  0  0  0  0  0  0  0  0  0  0  0  0  0  0  
9 nearest neighbours
(7, 7, 7, 7, 7, 7, 7, 7, 7)
Exact result: 7

0  0  0  0  0  0  0  0  0  0  0  0  0  0  0  0  0  0  0  0  0  0  0  0  0  0  0  0  
0  0  0  0  0  0  0  0  0  0  0  0  0  0  0  0  0  0  0  0  0  0  0  0  0  0  0  0  
0  0  0  0  0  0  0  0  0  0  0  0  0  0  0  0  0  0  0  0  0  0  0  0  0  0  0  0  
0  0  0  0  0  0  0  0  0  0  0  0  0  0  1402431175  0  0  0  0  0  0  0  0  0  0  
0  0  0  0  0  0  0  0  0  0  0  0  0  70 25425325318153 0  0  0  0  0  0  0  0  0  
0  0  0  0  0  0  0  0  0  0  0  0  0  46 1541652222532301237  0  0  0  0  0  0  0  
0  0  0  0  0  0  0  0  0  0  0  0  0  0  0  0  13 19725325371 0  0  0  0  0  0  0  
0  0  0  0  0  0  0  0  0  0  0  24 61 3  0  0  0  48 1732532291130  0  0  0  0  0  
0  0  0  0  0  0  0  0  0  0  0  98 25313835 0  0  0  15 17325323153 0  0  0  0  0  
0  0  0  0  0  0  0  0  0  0  0  19 15720922477 0  0  0  14 2152531440  0  0  0  0  
0  0  0  0  0  0  0  0  0  0  0  0  0  17 20823837 0  0  0  20625399 0  0  0  0  0  
0  0  0  0  0  0  0  0  0  0  0  0  0  0  82 2532060  0  67 24925324 0  0  0  0  0  
0  0  0  0  0  0  0  0  0  0  0  0  0  0  7  20225281 59 2452531601  0  0  0  0  0  
0  0  0  0  0  0  0  0  0  0  0  0  0  6  13 15125517322025420417 0  0  0  0  0  0  
0  0  0  0  0  0  0  0  0  0  0  21 13419725525325325321810921 0  0  0  0  0  0  0  
0  0  0  0  0  0  0  0  9  72 15724025325325425324813673 0  0  0  0  0  0  0  0  0  
0  0  0  0  0  0  0  33 15525325325320990 1732531940  0  0  0  0  0  0  0  0  0  0  
0  0  0  0  0  0  38 19025325320489 7  59 22023628 0  0  0  0  0  0  0  0  0  0  0  
0  0  0  0  0  19 23125323614612 0  32 2452541940  0  0  0  0  0  0  0  0  0  0  0  
0  0  0  0  0  25 2532531520  0  0  20825321072 0  0  0  0  0  0  0  0  0  0  0  0  
0  0  0  0  0  12825323038 28 13716025016017 0  0  0  0  0  0  0  0  0  0  0  0  0  
0  0  0  0  0  94 2532532372372532531547  0  0  0  0  0  0  0  0  0  0  0  0  0  0  
0  0  0  0  0  25 25325325325315528 1  0  0  0  0  0  0  0  0  0  0  0  0  0  0  0  
0  0  0  0  0  0  0  0  0  0  0  0  0  0  0  0  0  0  0  0  0  0  0  0  0  0  0  0  
0  0  0  0  0  0  0  0  0  0  0  0  0  0  0  0  0  0  0  0  0  0  0  0  0  0  0  0  
0  0  0  0  0  0  0  0  0  0  0  0  0  0  0  0  0  0  0  0  0  0  0  0  0  0  0  0  
0  0  0  0  0  0  0  0  0  0  0  0  0  0  0  0  0  0  0  0  0  0  0  0  0  0  0  0  
0  0  0  0  0  0  0  0  0  0  0  0  0  0  0  0  0  0  0  0  0  0  0  0  0  0  0  0  
9 nearest neighbours
(2, 2, 8, 2, 2, 2, 2, 2, 8)
Exact result: 8

0  0  0  0  0  0  0  0  0  0  0  0  0  0  0  0  0  0  0  0  0  0  0  0  0  0  0  0  
0  0  0  0  0  0  0  0  0  0  0  0  0  0  0  0  0  0  0  0  0  0  0  0  0  0  0  0  
0  0  0  0  0  0  0  0  0  0  0  0  0  0  0  0  0  0  0  0  0  0  0  0  0  0  0  0  
0  0  0  0  0  0  0  0  0  0  0  0  0  0  0  0  0  0  0  0  0  0  0  0  0  0  0  0  
0  0  0  0  0  0  0  0  0  0  0  0  0  0  0  0  0  0  0  0  0  0  0  0  0  0  0  0  
0  0  0  0  0  0  0  0  0  0  0  20 14917612412456 47 40 0  0  0  0  0  0  0  0  0  
0  0  0  0  0  0  0  0  0  0  24 1712532532542532532532482232232232231090  0  0  0  
0  0  0  0  0  0  0  0  0  13924824613584 92 1611611611612262472532532510  0  0  0  
0  0  0  0  0  0  0  0  30 24417735 0  0  0  0  0  0  0  0  65 12810861 0  0  0  0  
0  0  0  0  0  0  0  0  58 2531990  0  0  0  0  0  0  0  0  0  0  0  0  0  0  0  0  
0  0  0  0  0  0  0  0  7  21525319618 0  0  0  0  0  0  0  0  0  0  0  0  0  0  0  
0  0  0  0  0  0  0  0  0  10423725317810 0  0  0  0  0  0  0  0  0  0  0  0  0  0  
0  0  0  0  0  0  0  0  0  0  12825325316517 0  0  0  0  0  0  0  0  0  0  0  0  0  
0  0  0  0  0  0  0  0  0  0  1  98 2532531940  0  0  0  0  0  0  0  0  0  0  0  0  
0  0  0  0  0  0  0  0  0  0  0  10 94 23825517919 0  0  0  0  0  0  0  0  0  0  0  
0  0  0  0  0  0  0  0  0  0  0  0  0  80 2542531572  0  0  0  0  0  0  0  0  0  0  
0  0  0  0  0  0  0  0  0  0  0  0  0  0  12125325396 0  0  0  0  0  0  0  0  0  0  
0  0  0  0  0  0  0  0  0  0  0  0  0  0  1  1502532120  0  0  0  0  0  0  0  0  0  
0  0  0  0  0  0  0  0  0  0  0  0  0  0  0  58 24824982 0  0  0  0  0  0  0  0  0  
0  0  0  0  15083 0  0  0  0  0  0  0  0  0  15 2132531150  0  0  0  0  0  0  0  0  
0  0  0  0  15125023823416116116110685 1541621612142531350  0  0  0  0  0  0  0  0  
0  0  0  0  35 18324925325325325325325325325425325323254 0  0  0  0  0  0  0  0  0  
0  0  0  0  0  0  41 46 46 46 46 46 62 12312312312318 0  0  0  0  0  0  0  0  0  0  
0  0  0  0  0  0  0  0  0  0  0  0  0  0  0  0  0  0  0  0  0  0  0  0  0  0  0  0  
0  0  0  0  0  0  0  0  0  0  0  0  0  0  0  0  0  0  0  0  0  0  0  0  0  0  0  0  
0  0  0  0  0  0  0  0  0  0  0  0  0  0  0  0  0  0  0  0  0  0  0  0  0  0  0  0  
0  0  0  0  0  0  0  0  0  0  0  0  0  0  0  0  0  0  0  0  0  0  0  0  0  0  0  0  
0  0  0  0  0  0  0  0  0  0  0  0  0  0  0  0  0  0  0  0  0  0  0  0  0  0  0  0  
9 nearest neighbours
(5, 5, 5, 5, 5, 5, 5, 5, 5)
Exact result: 5

